xof 0303txt 0032
template ColorRGBA {
 <35ff44e0-6c7c-11cf-8f52-0040333594a3>
 FLOAT red;
 FLOAT green;
 FLOAT blue;
 FLOAT alpha;
}

template ColorRGB {
 <d3e16e81-7835-11cf-8f52-0040333594a3>
 FLOAT red;
 FLOAT green;
 FLOAT blue;
}

template Material {
 <3d82ab4d-62da-11cf-ab39-0020af71e433>
 ColorRGBA faceColor;
 FLOAT power;
 ColorRGB specularColor;
 ColorRGB emissiveColor;
 [...]
}

template TextureFilename {
 <a42790e1-7810-11cf-8f52-0040333594a3>
 STRING filename;
}

template Frame {
 <3d82ab46-62da-11cf-ab39-0020af71e433>
 [...]
}

template Matrix4x4 {
 <f6f23f45-7686-11cf-8f52-0040333594a3>
 array FLOAT matrix[16];
}

template FrameTransformMatrix {
 <f6f23f41-7686-11cf-8f52-0040333594a3>
 Matrix4x4 frameMatrix;
}

template Vector {
 <3d82ab5e-62da-11cf-ab39-0020af71e433>
 FLOAT x;
 FLOAT y;
 FLOAT z;
}

template MeshFace {
 <3d82ab5f-62da-11cf-ab39-0020af71e433>
 DWORD nFaceVertexIndices;
 array DWORD faceVertexIndices[nFaceVertexIndices];
}

template Mesh {
 <3d82ab44-62da-11cf-ab39-0020af71e433>
 DWORD nVertices;
 array Vector vertices[nVertices];
 DWORD nFaces;
 array MeshFace faces[nFaces];
 [...]
}

template MeshNormals {
 <f6f23f43-7686-11cf-8f52-0040333594a3>
 DWORD nNormals;
 array Vector normals[nNormals];
 DWORD nFaceNormals;
 array MeshFace faceNormals[nFaceNormals];
}

template MeshMaterialList {
 <f6f23f42-7686-11cf-8f52-0040333594a3>
 DWORD nMaterials;
 DWORD nFaceIndexes;
 array DWORD faceIndexes[nFaceIndexes];
 [Material <3d82ab4d-62da-11cf-ab39-0020af71e433>]
}

template Coords2d {
 <f6f23f44-7686-11cf-8f52-0040333594a3>
 FLOAT u;
 FLOAT v;
}

template MeshTextureCoords {
 <f6f23f40-7686-11cf-8f52-0040333594a3>
 DWORD nTextureCoords;
 array Coords2d textureCoords[nTextureCoords];
}

template XSkinMeshHeader {
 <3cf169ce-ff7c-44ab-93c0-f78f62d172e2>
 WORD nMaxSkinWeightsPerVertex;
 WORD nMaxSkinWeightsPerFace;
 WORD nBones;
}

template SkinWeights {
 <6f0d123b-bad2-4167-a0d0-80224f25fabb>
 STRING transformNodeName;
 DWORD nWeights;
 array DWORD vertexIndices[nWeights];
 array FLOAT weights[nWeights];
 Matrix4x4 matrixOffset;
}

template AnimTicksPerSecond {
 <9e415a43-7ba6-4a73-8743-b73d47e88476>
 DWORD AnimTicksPerSecond;
}

template Animation {
 <3d82ab4f-62da-11cf-ab39-0020af71e433>
 [...]
}

template AnimationSet {
 <3d82ab50-62da-11cf-ab39-0020af71e433>
 [Animation <3d82ab4f-62da-11cf-ab39-0020af71e433>]
}

template FloatKeys {
 <10dd46a9-775b-11cf-8f52-0040333594a3>
 DWORD nValues;
 array FLOAT values[nValues];
}

template TimedFloatKeys {
 <f406b180-7b3b-11cf-8f52-0040333594a3>
 DWORD time;
 FloatKeys tfkeys;
}

template AnimationKey {
 <10dd46a8-775b-11cf-8f52-0040333594a3>
 DWORD keyType;
 DWORD nKeys;
 array TimedFloatKeys keys[nKeys];
}


Material Material__37 {
 1.000000;1.000000;1.000000;1.000000;;
 10.000000;
 0.000000;0.000000;0.000000;;
 0.000000;0.000000;0.000000;;

 TextureFilename {
  "GoldLion_A_Hair_01_T_Di.tga";
 }
}

Material Material__35 {
 1.000000;1.000000;1.000000;1.000000;;
 10.000000;
 0.000000;0.000000;0.000000;;
 0.000000;0.000000;0.000000;;

 TextureFilename {
  "GoldLion_A_Boby_01_T_Di.tga";
 }
}

Material Material__36 {
 1.000000;1.000000;1.000000;1.000000;;
 10.000000;
 0.000000;0.000000;0.000000;;
 0.000000;0.000000;0.000000;;

 TextureFilename {
  "GoldLion_A_02_T_Di.tga";
 }
}

Frame B_Root {
 

 FrameTransformMatrix {
  1.000000,0.000000,0.000000,0.000000,0.000000,1.000000,0.000000,0.000000,-0.000000,0.000000,1.000000,0.000000,-0.000000,0.000000,0.018757,1.000000;;
 }

 Frame Bip001 {
  

  FrameTransformMatrix {
   -0.438507,0.101101,-0.893023,0.000000,0.026129,0.994667,0.099777,0.000000,0.898348,0.020419,-0.438810,0.000000,-0.000000,2.265213,0.016115,1.000000;;
  }

  Frame Bip001-Pelvis {
   

   FrameTransformMatrix {
    0.000061,-1.000000,-0.000061,0.000000,0.000061,0.000061,-1.000000,0.000000,1.000000,0.000061,0.000061,0.000000,0.000000,0.000000,0.000000,1.000000;;
   }

   Frame Bip001-Spine {
    

    FrameTransformMatrix {
     0.997535,-0.048595,0.050631,0.000000,0.045548,0.997177,0.059700,0.000000,-0.053389,-0.057247,0.996932,0.000000,-0.179271,0.000000,-0.046189,1.000000;;
    }

    Frame Bip001-Spine1 {
     

     FrameTransformMatrix {
      0.993200,0.018766,0.114897,0.000000,-0.013642,0.998884,-0.045225,0.000000,-0.115617,0.043350,0.992347,0.000000,-0.205520,-0.000000,0.000233,1.000000;;
     }

     Frame Bip001-Spine2 {
      

      FrameTransformMatrix {
       0.936433,0.009953,0.350705,0.000000,-0.006864,0.999926,-0.010051,0.000000,-0.350779,0.007005,0.936432,0.000000,-0.292922,-0.000000,0.000544,1.000000;;
      }

      Frame Bip001-Neck {
       

       FrameTransformMatrix {
        0.668667,-0.341512,0.660496,0.000000,0.160573,0.933647,0.320187,0.000000,-0.726017,-0.108040,0.679137,0.000000,-0.610703,0.000000,-0.012490,1.000000;;
       }

       Frame Bip001-L-Clavicle {
        

        FrameTransformMatrix {
         0.061935,-0.974846,0.214099,0.000000,-0.711350,0.107354,0.694590,0.000000,-0.700103,-0.195319,-0.686808,0.000000,0.170245,0.217323,-0.014058,1.000000;;
        }

        Frame Bip001-L-UpperArm {
         

         FrameTransformMatrix {
          0.756622,0.644649,0.109319,0.000000,-0.651392,0.728676,0.211469,0.000000,0.056665,-0.231212,0.971252,0.000000,-0.362931,0.000000,-0.000000,1.000000;;
         }

         Frame Bip001-L-Forearm {
          

          FrameTransformMatrix {
           0.278622,0.000000,-0.960401,0.000000,0.000000,1.000000,0.000000,0.000000,0.960401,0.000000,0.278622,0.000000,-0.719959,0.000000,-0.000000,1.000000;;
          }

          Frame Bip001-L-Hand {
           

           FrameTransformMatrix {
            0.980853,0.180522,0.073076,0.000000,0.068485,0.031544,-0.997154,0.000000,-0.182313,0.983065,0.018577,0.000000,-0.784159,0.000000,-0.000000,1.000000;;
           }

           Frame Bip001-L-Finger0 {
            

            FrameTransformMatrix {
             0.526159,0.847723,0.067250,0.000000,-0.496298,0.241896,0.833771,0.000000,0.690540,-0.472072,0.547999,0.000000,-0.007467,-0.075540,-0.035708,1.000000;;
            }

            Frame Bip001-L-Finger01 {
             

             FrameTransformMatrix {
              0.719785,-0.000000,0.694197,0.000000,0.000000,1.000000,-0.000000,0.000000,-0.694197,-0.000000,0.719785,0.000000,-0.165769,0.000000,-0.000000,1.000000;;
             }

             Frame Bip001-L-Finger02 {
              

              FrameTransformMatrix {
               0.614971,0.000000,0.788550,0.000000,0.000000,1.000000,-0.000000,0.000000,-0.788550,-0.000000,0.614971,0.000000,-0.124092,0.000000,0.000000,1.000000;;
              }
             }
            }
           }

           Frame Bip001-L-Finger1 {
            

            FrameTransformMatrix {
             0.928512,0.235138,-0.287359,0.000000,-0.196098,0.967732,0.158238,0.000000,0.315295,-0.090575,0.944661,0.000000,-0.281160,-0.113765,0.002415,1.000000;;
            }

            Frame Bip001-L-Finger11 {
             

             FrameTransformMatrix {
              0.622380,0.000000,0.782715,0.000000,-0.000000,1.000000,-0.000000,0.000000,-0.782715,0.000000,0.622380,0.000000,-0.105032,0.000000,-0.000000,1.000000;;
             }

             Frame Bip001-L-Finger12 {
              

              FrameTransformMatrix {
               0.795764,-0.000000,0.605607,0.000000,0.000000,1.000000,-0.000000,0.000000,-0.605607,0.000000,0.795764,0.000000,-0.090640,-0.000000,0.000000,1.000000;;
              }
             }
            }
           }

           Frame Bip001-L-Finger2 {
            

            FrameTransformMatrix {
             0.997908,-0.015511,0.062767,0.000000,0.023213,0.992021,-0.123913,0.000000,-0.060344,0.125111,0.990306,0.000000,-0.292756,-0.016309,0.022182,1.000000;;
            }

            Frame Bip001-L-Finger21 {
             

             FrameTransformMatrix {
              0.655413,-0.000000,0.755270,0.000000,0.000000,1.000000,-0.000000,0.000000,-0.755270,-0.000000,0.655413,0.000000,-0.146727,-0.000000,0.000000,1.000000;;
             }

             Frame Bip001-L-Finger22 {
              

              FrameTransformMatrix {
               0.813650,-0.000000,0.581356,0.000000,-0.000000,1.000000,0.000000,0.000000,-0.581356,-0.000000,0.813650,0.000000,-0.088591,-0.000000,0.000000,1.000000;;
              }
             }
            }
           }

           Frame Bip001-L-Finger3 {
            

            FrameTransformMatrix {
             0.961599,-0.230255,-0.149362,0.000000,0.176375,0.935393,-0.306484,0.000000,0.210281,0.268371,0.940084,0.000000,-0.271733,0.064878,-0.007277,1.000000;;
            }

            Frame Bip001-L-Finger31 {
             

             FrameTransformMatrix {
              0.604401,0.000000,0.796680,0.000000,-0.000000,1.000000,0.000000,0.000000,-0.796680,0.000000,0.604402,0.000000,-0.120351,0.000000,-0.000000,1.000000;;
             }

             Frame Bip001-L-Finger32 {
              

              FrameTransformMatrix {
               0.820772,0.000000,0.571256,0.000000,-0.000000,1.000000,0.000000,0.000000,-0.571256,0.000000,0.820772,0.000000,-0.087636,0.000000,0.000000,1.000000;;
              }
             }
            }
           }

           Frame Bip001-L-Finger4 {
            

            FrameTransformMatrix {
             0.956644,-0.289548,0.031533,0.000000,0.277755,0.874341,-0.397969,0.000000,0.087661,0.389473,0.916857,0.000000,-0.235515,0.127493,-0.050231,1.000000;;
            }

            Frame Bip001-L-Finger41 {
             

             FrameTransformMatrix {
              0.889901,-0.000000,0.456154,0.000000,0.000000,1.000000,-0.000000,0.000000,-0.456154,0.000000,0.889901,0.000000,-0.103832,0.000000,-0.000000,1.000000;;
             }

             Frame Bip001-L-Finger42 {
              

              FrameTransformMatrix {
               0.582387,0.000000,0.812912,0.000000,0.000000,1.000000,-0.000000,0.000000,-0.812912,0.000000,0.582387,0.000000,-0.069543,-0.000000,-0.000000,1.000000;;
              }
             }
            }
           }
          }
         }
        }
       }

       Frame Bip001-R-Clavicle {
        

        FrameTransformMatrix {
         -0.313300,0.947952,-0.056827,0.000000,0.663119,0.175543,-0.727638,0.000000,-0.679791,-0.265652,-0.683603,0.000000,0.170245,-0.217323,-0.014059,1.000000;;
        }

        Frame Bip001-R-UpperArm {
         

         FrameTransformMatrix {
          0.598870,-0.800766,-0.011286,0.000000,0.754353,0.568778,-0.327786,0.000000,0.268899,0.187788,0.944685,0.000000,-0.362931,-0.000000,-0.000000,1.000000;;
         }

         Frame Bip001-R-Forearm {
          

          FrameTransformMatrix {
           0.238866,-0.000000,-0.971053,0.000000,-0.000000,1.000000,0.000000,0.000000,0.971053,0.000000,0.238866,0.000000,-0.719959,0.000000,-0.000000,1.000000;;
          }

          Frame Bip001-R-Hand {
           

           FrameTransformMatrix {
            0.980853,-0.180522,0.073076,0.000000,-0.068485,0.031544,0.997153,0.000000,-0.182313,-0.983065,0.018577,0.000000,-0.784159,0.000000,0.000000,1.000000;;
           }

           Frame Bip001-R-Finger0 {
            

            FrameTransformMatrix {
             0.526159,-0.847723,0.067250,0.000000,0.496298,0.241896,-0.833771,0.000000,0.690540,0.472072,0.547999,0.000000,-0.007467,0.075540,-0.035707,1.000000;;
            }

            Frame Bip001-R-Finger01 {
             

             FrameTransformMatrix {
              0.719785,-0.000000,0.694197,0.000000,-0.000000,1.000000,-0.000000,0.000000,-0.694197,0.000000,0.719785,0.000000,-0.165769,0.000000,-0.000000,1.000000;;
             }

             Frame Bip001-R-Finger02 {
              

              FrameTransformMatrix {
               0.614971,0.000000,0.788549,0.000000,-0.000000,1.000000,0.000000,0.000000,-0.788550,-0.000000,0.614971,0.000000,-0.124092,-0.000000,-0.000000,1.000000;;
              }
             }
            }
           }

           Frame Bip001-R-Finger1 {
            

            FrameTransformMatrix {
             0.928512,-0.235138,-0.287360,0.000000,0.196098,0.967732,-0.158238,0.000000,0.315295,0.090575,0.944661,0.000000,-0.281160,0.113765,0.002416,1.000000;;
            }

            Frame Bip001-R-Finger11 {
             

             FrameTransformMatrix {
              0.622380,0.000000,0.782715,0.000000,-0.000000,1.000000,-0.000000,0.000000,-0.782715,-0.000000,0.622380,0.000000,-0.105032,0.000000,-0.000000,1.000000;;
             }

             Frame Bip001-R-Finger12 {
              

              FrameTransformMatrix {
               0.795764,-0.000000,0.605607,0.000000,-0.000000,1.000000,0.000000,0.000000,-0.605607,-0.000000,0.795764,0.000000,-0.090640,0.000000,0.000000,1.000000;;
              }
             }
            }
           }

           Frame Bip001-R-Finger2 {
            

            FrameTransformMatrix {
             0.997908,0.015511,0.062767,0.000000,-0.023213,0.992021,0.123913,0.000000,-0.060344,-0.125111,0.990306,0.000000,-0.292757,0.016309,0.022183,1.000000;;
            }

            Frame Bip001-R-Finger21 {
             

             FrameTransformMatrix {
              0.655413,0.000000,0.755271,0.000000,-0.000000,1.000000,0.000000,0.000000,-0.755271,-0.000000,0.655413,0.000000,-0.146727,0.000000,0.000000,1.000000;;
             }

             Frame Bip001-R-Finger22 {
              

              FrameTransformMatrix {
               0.813650,-0.000000,0.581356,0.000000,-0.000000,1.000000,0.000000,0.000000,-0.581356,0.000000,0.813649,0.000000,-0.088591,-0.000000,0.000000,1.000000;;
              }
             }
            }
           }

           Frame Bip001-R-Finger3 {
            

            FrameTransformMatrix {
             0.961600,0.230256,-0.149362,0.000000,-0.176375,0.935393,0.306484,0.000000,0.210281,-0.268371,0.940085,0.000000,-0.271733,-0.064878,-0.007277,1.000000;;
            }

            Frame Bip001-R-Finger31 {
             

             FrameTransformMatrix {
              0.604402,0.000000,0.796680,0.000000,0.000000,1.000000,0.000000,0.000000,-0.796680,0.000000,0.604402,0.000000,-0.120351,-0.000000,0.000000,1.000000;;
             }

             Frame Bip001-R-Finger32 {
              

              FrameTransformMatrix {
               0.820772,-0.000000,0.571256,0.000000,-0.000000,1.000000,0.000000,0.000000,-0.571256,-0.000000,0.820772,0.000000,-0.087636,0.000000,0.000000,1.000000;;
              }
             }
            }
           }

           Frame Bip001-R-Finger4 {
            

            FrameTransformMatrix {
             0.956644,0.289548,0.031533,0.000000,-0.277755,0.874341,0.397969,0.000000,0.087661,-0.389473,0.916857,0.000000,-0.235515,-0.127493,-0.050231,1.000000;;
            }

            Frame Bip001-R-Finger41 {
             

             FrameTransformMatrix {
              0.889901,0.000000,0.456154,0.000000,-0.000000,1.000000,0.000000,0.000000,-0.456154,-0.000000,0.889901,0.000000,-0.103832,0.000000,-0.000000,1.000000;;
             }

             Frame Bip001-R-Finger42 {
              

              FrameTransformMatrix {
               0.582387,-0.000000,0.812912,0.000000,0.000000,1.000000,-0.000000,0.000000,-0.812912,-0.000000,0.582387,0.000000,-0.069543,-0.000000,-0.000000,1.000000;;
              }
             }
            }
           }
          }
         }
        }
       }

       Frame Bip001-Head {
        

        FrameTransformMatrix {
         0.979141,-0.096079,-0.179028,0.000000,0.098214,0.995161,0.003080,0.000000,0.177865,-0.020599,0.983840,0.000000,-0.251072,0.000000,-0.022993,1.000000;;
        }

        Frame Bip001-T {
         

         FrameTransformMatrix {
          -0.000625,-0.000000,1.000000,0.000000,-0.000000,1.000000,-0.000000,0.000000,-1.000000,0.000000,-0.000624,0.000000,-0.054358,0.000000,-0.042747,1.000000;;
         }
        }

        Frame Bip001-Ponytail1 {
         

         FrameTransformMatrix {
          -0.387893,0.011841,0.921628,0.000000,0.008599,0.999920,-0.009227,0.000000,-0.921664,0.004346,-0.387964,0.000000,-0.109227,0.161830,-0.009555,1.000000;;
         }

         Frame Bip001-Ponytail11 {
          

          FrameTransformMatrix {
           0.993887,0.002652,-0.110374,0.000000,-0.003077,0.999988,-0.003681,0.000000,0.110363,0.003998,0.993883,0.000000,-0.176913,0.000000,0.000141,1.000000;;
          }
         }
        }

        Frame Bip001-Ponytail2 {
         

         FrameTransformMatrix {
          -0.289258,0.010974,0.957189,0.000000,0.003042,0.999940,-0.010545,0.000000,-0.957247,-0.000139,-0.289274,0.000000,-0.109228,-0.161830,-0.009555,1.000000;;
         }

         Frame Bip001-Ponytail21 {
          

          FrameTransformMatrix {
           0.999847,0.000767,-0.017457,0.000000,-0.000820,0.999995,-0.002984,0.000000,0.017455,0.002998,0.999843,0.000000,-0.176912,-0.000000,0.000141,1.000000;;
          }
         }
        }

        Frame E002 {
         

         FrameTransformMatrix {
          -0.808489,-0.157363,-0.567082,0.000000,-0.576865,0.021154,0.816565,0.000000,-0.116502,0.987314,-0.107880,0.000000,-0.136108,-0.052390,-0.018052,1.000000;;
         }
        }

        Frame e1 {
         

         FrameTransformMatrix {
          0.808616,-0.157641,0.566824,0.000000,0.576635,0.021154,-0.816728,0.000000,0.116760,0.987270,0.108007,0.000000,-0.136107,0.052387,-0.018051,1.000000;;
         }
        }
       }
      }
     }
    }

    Frame Bip001-L-Thigh {
     

     FrameTransformMatrix {
      -0.681353,-0.461974,0.567749,0.000000,0.229239,-0.871320,-0.433879,0.000000,0.695132,-0.165475,0.699578,0.000000,0.181563,0.224691,0.036143,1.000000;;
     }

     Frame Bip001-L-Calf {
      

      FrameTransformMatrix {
       0.215342,0.000000,-0.976539,0.000000,-0.000000,1.000000,-0.000000,0.000000,0.976539,0.000000,0.215342,0.000000,-0.927512,-0.000000,0.000000,1.000000;;
      }

      Frame Bip001-L-HorseLink {
       

       FrameTransformMatrix {
        0.043856,-0.000000,0.999038,0.000000,0.000000,1.000000,0.000000,0.000000,-0.999038,-0.000000,0.043857,0.000000,-0.771623,0.000000,-0.000000,1.000000;;
       }

       Frame Bip001-L-Foot {
        

        FrameTransformMatrix {
         0.674312,-0.243041,-0.697305,0.000000,0.188442,0.969657,-0.155740,0.000000,0.713998,-0.026384,0.699650,0.000000,-0.582248,-0.000000,-0.000000,1.000000;;
        }

        Frame Bip001-L-Toe0 {
         

         FrameTransformMatrix {
          -0.005119,-0.000000,0.999987,0.000000,-0.000000,1.000000,-0.000000,0.000000,-0.999987,-0.000000,-0.005119,0.000000,-0.181405,-0.000000,-0.177719,1.000000;;
         }
        }
       }
      }
     }
    }

    Frame Bip001-R-Thigh {
     

     FrameTransformMatrix {
      -0.786081,0.437947,0.436211,0.000000,-0.293442,-0.885509,0.360231,0.000000,0.544030,0.155169,0.824593,0.000000,0.181563,-0.224691,0.036141,1.000000;;
     }

     Frame Bip001-R-Calf {
      

      FrameTransformMatrix {
       0.160430,0.000000,-0.987047,0.000000,-0.000000,1.000000,-0.000000,0.000000,0.987047,0.000000,0.160430,0.000000,-0.927512,0.000000,-0.000000,1.000000;;
      }

      Frame Bip001-R-HorseLink {
       

       FrameTransformMatrix {
        0.368521,0.000000,0.929619,0.000000,-0.000000,1.000000,0.000000,0.000000,-0.929619,-0.000000,0.368521,0.000000,-0.771623,-0.000000,0.000000,1.000000;;
       }

       Frame Bip001-R-Foot {
        

        FrameTransformMatrix {
         0.887389,0.397925,-0.232803,0.000000,-0.361281,0.913917,0.185019,0.000000,0.286386,-0.080076,0.954762,0.000000,-0.582248,-0.000000,-0.000000,1.000000;;
        }

        Frame Bip001-R-Toe0 {
         

         FrameTransformMatrix {
          0.000066,-0.000000,1.000000,0.000000,-0.000000,1.000000,0.000000,0.000000,-1.000000,-0.000000,0.000066,0.000000,-0.181405,0.000000,-0.177719,1.000000;;
         }
        }
       }
      }
     }
    }

    Frame Bip001-Tail {
     

     FrameTransformMatrix {
      -0.981565,0.047980,-0.185006,0.000000,0.055404,0.997845,-0.035168,0.000000,0.182920,-0.044770,-0.982108,0.000000,0.156899,-0.000001,0.226326,1.000000;;
     }

     Frame Bip001-Tail1 {
      

      FrameTransformMatrix {
       0.968881,0.048814,0.242665,0.000000,-0.046992,0.998807,-0.013297,0.000000,-0.243025,0.001480,0.970019,0.000000,-0.267485,0.000000,0.000287,1.000000;;
      }

      Frame Bip001-Tail2 {
       

       FrameTransformMatrix {
        0.985561,-0.040905,0.164303,0.000000,0.039737,0.999156,0.010394,0.000000,-0.164589,-0.003715,0.986355,0.000000,-0.360637,0.000000,0.000286,1.000000;;
       }

       Frame Bip001-Tail3 {
        

        FrameTransformMatrix {
         0.967669,-0.008401,0.252084,0.000000,0.007703,0.999963,0.003756,0.000000,-0.252106,-0.001693,0.967698,0.000000,-0.359024,0.000000,0.000286,1.000000;;
        }

        Frame Bip001-Tail4 {
         

         FrameTransformMatrix {
          0.913672,-0.376634,0.152808,0.000000,0.375528,0.926066,0.037162,0.000000,-0.155507,0.023430,0.987557,0.000000,-0.359079,-0.000000,0.000288,1.000000;;
         }

         Frame Bip001-Tail5 {
          

          FrameTransformMatrix {
           0.811273,-0.531510,0.243583,0.000000,0.535604,0.842683,0.054905,0.000000,-0.234446,0.085921,0.968325,0.000000,-0.361392,0.000000,0.000192,1.000000;;
          }

          Frame Bip001-Tail6 {
           

           FrameTransformMatrix {
            0.891979,-0.152997,0.425401,0.000000,0.173185,0.984849,-0.008929,0.000000,-0.417589,0.081637,0.904961,0.000000,-0.240890,0.000000,0.000379,1.000000;;
           }
          }
         }
        }
       }
      }
     }
    }
   }

   Frame A009 {
    

    FrameTransformMatrix {
     0.859354,-0.505762,-0.075608,0.000000,-0.489033,-0.855997,0.167680,0.000000,-0.149526,-0.107122,-0.982938,0.000000,-0.106877,-0.452280,-0.002044,1.000000;;
    }
   }

   Frame A007 {
    

    FrameTransformMatrix {
     0.672246,-0.533269,-0.513527,0.000000,-0.715954,-0.291765,-0.634257,0.000000,0.188400,0.794039,-0.577934,0.000000,-0.011446,-0.363471,-0.253655,1.000000;;
    }
   }

   Frame A008 {
    

    FrameTransformMatrix {
     0.750796,-0.570558,-0.332820,0.000000,-0.649619,-0.729029,-0.215666,0.000000,-0.119585,0.378128,-0.917997,0.000000,-0.065641,-0.433820,-0.143718,1.000000;;
    }
   }

   Frame A012 {
    

    FrameTransformMatrix {
     0.901958,-0.422474,0.089377,0.000000,-0.419541,-0.808312,0.413057,0.000000,-0.102261,-0.410058,-0.906309,0.000000,-0.140184,-0.407729,0.145933,1.000000;;
    }
   }

   Frame A011 {
    

    FrameTransformMatrix {
     0.920693,-0.338687,0.193945,0.000000,-0.347734,-0.486224,0.801665,0.000000,-0.177213,-0.805529,-0.565437,0.000000,-0.141292,-0.265519,0.250358,1.000000;;
    }
   }

   Frame A010 {
    

    FrameTransformMatrix {
     0.951967,-0.173038,0.252623,0.000000,-0.276366,-0.130320,0.952176,0.000000,-0.131841,-0.976256,-0.171882,0.000000,-0.150117,-0.091379,0.323250,1.000000;;
    }
   }

   Frame A002 {
    

    FrameTransformMatrix {
     -0.688926,-0.666604,0.284640,0.000000,0.721865,-0.666483,0.186309,0.000000,0.065514,0.333825,0.940356,0.000000,-0.065640,0.433815,-0.143721,1.000000;;
    }
   }

   Frame A01 {
    

    FrameTransformMatrix {
     -0.550607,-0.572790,0.607243,0.000000,0.813225,-0.203878,0.545068,0.000000,-0.188406,0.793943,0.578064,0.000000,-0.011445,0.363474,-0.253657,1.000000;;
    }
   }

   Frame A005 {
    

    FrameTransformMatrix {
     -0.954674,-0.124620,-0.270312,0.000000,0.289934,-0.183817,-0.939228,0.000000,0.067359,-0.975029,0.211617,0.000000,-0.150116,0.091385,0.323250,1.000000;;
    }
   }

   Frame A004 {
    

    FrameTransformMatrix {
     -0.807020,-0.587246,0.062138,0.000000,0.563486,-0.797269,-0.216438,0.000000,0.176643,-0.139656,0.974317,0.000000,-0.106876,0.452283,-0.002046,1.000000;;
    }
   }

   Frame A006 {
    

    FrameTransformMatrix {
     -0.914196,-0.322662,-0.245225,0.000000,0.379368,-0.468465,-0.797885,0.000000,0.142568,-0.822454,0.550676,0.000000,-0.141291,0.265517,0.250357,1.000000;;
    }
   }

   Frame A003 {
    

    FrameTransformMatrix {
     -0.877355,-0.467839,-0.106656,0.000000,0.438058,-0.690202,-0.575958,0.000000,0.195841,-0.552041,0.810492,0.000000,-0.140182,0.407734,0.145931,1.000000;;
    }
   }

   Frame Bone001 {
    

    FrameTransformMatrix {
     -0.992451,0.000643,0.122640,0.000000,-0.122640,0.000040,-0.992451,0.000000,-0.000643,-1.000000,0.000040,0.000000,-0.026489,-0.000001,-0.309881,1.000000;;
    }

    Frame Bone002 {
     

     FrameTransformMatrix {
      0.995710,0.087964,-0.028710,0.000000,-0.087999,0.996121,0.000044,0.000000,0.028603,0.002483,0.999588,0.000000,-0.300201,0.000000,-0.000000,1.000000;;
     }

     Frame Bone003 {
      

      FrameTransformMatrix {
       0.994662,-0.076408,0.069346,0.000000,0.076590,0.997063,0.000035,0.000000,-0.069145,0.005277,0.997593,0.000000,-0.354686,0.000000,-0.000000,1.000000;;
      }
     }
    }
   }
  }
 }
}

Frame GoldLion_A_01_ASK {
 

 FrameTransformMatrix {
  1.000000,0.000000,0.000000,0.000000,0.000000,1.000000,0.000000,0.000000,-0.000000,0.000000,1.000000,0.000000,0.000000,0.000000,0.000000,1.000000;;
 }

 Mesh GoldLion_A_01_ASK {
  5661;
  -0.033360;4.125898;0.281853;,
  -0.045535;4.048398;0.417012;,
  0.000079;4.065993;0.408529;,
  -0.107874;4.135458;0.146241;,
  -0.067952;4.142955;0.156843;,
  -0.088925;4.117315;0.277044;,
  -0.123923;4.079250;0.267161;,
  -0.081765;4.019692;0.397731;,
  -0.134763;4.110612;0.143103;,
  -0.037165;4.047055;-0.068295;,
  -0.015126;4.088907;0.017537;,
  -0.000788;4.062014;-0.057681;,
  -0.102141;4.037874;0.013350;,
  -0.066286;4.022097;-0.060417;,
  -0.066977;4.074328;0.006734;,
  -0.092573;4.111894;0.078070;,
  -0.039160;4.125347;0.089982;,
  -0.096256;4.123458;0.195482;,
  -0.038609;4.134103;0.200102;,
  -0.079270;4.103152;0.311039;,
  -0.031990;4.114989;0.303176;,
  -0.131098;4.082989;0.197006;,
  -0.112018;4.069679;0.302499;,
  -0.127943;4.075765;0.085291;,
  0.155961;3.839405;-0.071729;,
  0.126252;3.944290;-0.059144;,
  0.212373;3.843313;0.015708;,
  0.100145;3.776733;-0.166902;,
  0.001395;3.841562;-0.208741;,
  0.002502;4.003393;-0.086364;,
  0.001394;3.841449;-0.208787;,
  0.000418;3.670669;-0.276630;,
  0.188218;3.902672;0.263476;,
  0.171564;3.802325;0.285425;,
  0.218422;3.804846;0.142215;,
  0.202264;3.924644;0.149483;,
  0.155942;4.016761;0.062353;,
  0.087893;4.064292;0.053837;,
  0.002411;4.088036;0.050750;,
  0.001547;4.125626;0.186281;,
  0.089018;4.100825;0.190997;,
  0.165010;4.020754;0.292960;,
  0.172794;4.032014;0.180812;,
  0.079501;4.019274;0.408677;,
  0.145067;3.975320;0.376487;,
  0.092120;4.093443;0.311082;,
  0.000586;4.123439;0.316880;,
  0.000091;4.047620;0.428824;,
  0.000014;3.920830;0.476700;,
  0.120404;3.891756;0.424357;,
  0.178121;3.759719;0.346879;,
  0.163006;3.685871;0.362075;,
  0.181091;3.685882;0.346464;,
  0.174874;3.590467;0.346162;,
  0.159919;3.590464;0.359099;,
  0.163015;3.685729;0.330888;,
  0.159980;3.759431;0.331318;,
  0.149525;3.832466;0.344926;,
  0.152444;3.785387;0.322502;,
  0.141686;3.767669;0.344359;,
  0.141820;3.759422;0.346937;,
  0.144928;3.685723;0.346495;,
  0.159921;3.590425;0.333234;,
  0.156631;3.538373;0.326512;,
  0.183336;3.538406;0.349622;,
  0.154971;3.477232;0.339923;,
  0.174240;3.477238;0.356607;,
  0.162319;3.415267;0.351301;,
  0.153085;3.415266;0.343304;,
  0.160565;3.374516;0.343235;,
  0.143851;3.415266;0.351302;,
  0.135702;3.477232;0.356608;,
  0.129924;3.538373;0.349628;,
  0.144966;3.590424;0.346171;,
  0.156629;3.538404;0.372740;,
  0.154971;3.477238;0.373292;,
  0.153085;3.415267;0.359298;,
  0.143851;3.415266;0.351302;,
  0.135702;3.477232;0.356608;,
  0.129924;3.538373;0.349628;,
  0.144966;3.590424;0.346171;,
  0.144928;3.685723;0.346495;,
  0.159962;3.759703;0.362505;,
  0.152412;3.785892;0.368635;,
  0.141820;3.759422;0.346937;,
  0.141686;3.767669;0.344359;,
  -0.079267;4.019160;0.408659;,
  -0.164140;4.020106;0.292831;,
  -0.144759;3.975146;0.376445;,
  -0.153210;4.014624;0.062002;,
  -0.201154;3.923966;0.149262;,
  -0.170998;4.030559;0.180548;,
  -0.091049;4.092646;0.310996;,
  0.000091;4.047620;0.428824;,
  0.000014;3.920830;0.476700;,
  -0.120310;3.891727;0.424346;,
  -0.187659;3.902332;0.263375;,
  -0.086431;4.099040;0.190829;,
  -0.083880;4.062098;0.053599;,
  -0.217907;3.804633;0.142091;,
  -0.211406;3.842780;0.015465;,
  -0.123376;3.942709;-0.059446;,
  0.002502;4.003393;-0.086364;,
  0.002411;4.088036;0.050750;,
  0.001547;4.125626;0.186281;,
  0.000586;4.123439;0.316880;,
  0.001394;3.841449;-0.208787;,
  0.001395;3.841562;-0.208741;,
  -0.098745;3.776335;-0.167020;,
  0.000418;3.670669;-0.276630;,
  -0.154520;3.838536;-0.071952;,
  0.027070;3.978354;0.537473;,
  -0.028230;3.905051;0.535696;,
  0.001932;3.902105;0.547280;,
  -0.008648;3.812494;0.537650;,
  0.014542;3.812100;0.530363;,
  0.032958;3.897142;0.538089;,
  -0.030065;3.813586;0.524230;,
  0.060829;3.966132;0.528584;,
  0.047995;4.036723;0.495188;,
  0.079170;4.020395;0.488185;,
  0.105487;4.080548;0.456913;,
  0.075128;4.097386;0.459025;,
  0.014961;4.041490;0.484633;,
  -0.008017;3.981992;0.527059;,
  0.001608;4.161013;0.207887;,
  -0.069638;4.119365;0.088488;,
  -0.072113;4.138987;0.211625;,
  0.002677;4.140608;0.086429;,
  0.000656;4.145072;0.315560;,
  -0.076131;4.119286;0.310578;,
  0.074904;4.140692;0.211770;,
  0.074313;4.121704;0.088697;,
  0.004113;4.152068;-0.022518;,
  -0.050402;4.139355;-0.015636;,
  0.057852;4.141546;-0.015409;,
  0.077350;4.120093;0.310657;,
  0.000157;4.082970;0.408014;,
  -0.066325;4.068976;0.391337;,
  0.066710;4.069170;0.391361;,
  0.212375;3.856196;0.109133;,
  0.182704;3.868761;0.337390;,
  0.174478;3.806369;0.308346;,
  0.127351;4.015270;0.000990;,
  0.126672;3.980642;-0.134034;,
  0.109794;4.023797;-0.103235;,
  0.158702;3.957982;-0.034016;,
  0.148111;3.886469;-0.043334;,
  0.226867;3.931678;0.120676;,
  0.190239;3.993346;0.150607;,
  0.154611;3.929995;0.342061;,
  0.125081;3.926510;-0.138440;,
  0.087126;4.099854;0.103626;,
  0.000704;4.126624;0.298475;,
  0.067243;4.109135;0.287832;,
  0.002370;4.121891;0.092186;,
  0.074576;4.020924;-0.092181;,
  0.003928;4.011456;-0.242491;,
  0.057571;4.002874;-0.227178;,
  0.003153;4.038772;-0.106895;,
  -0.069347;4.019368;-0.092445;,
  -0.083217;4.097700;0.103408;,
  -0.065830;4.108294;0.287753;,
  -0.050621;4.002321;-0.227445;,
  0.077469;4.006966;-0.053747;,
  0.002349;4.116078;0.115612;,
  0.059180;4.098119;0.116371;,
  0.002617;4.020040;-0.080281;,
  0.062975;3.844944;-0.190958;,
  0.000760;3.766757;-0.323065;,
  0.047084;3.769092;-0.306747;,
  0.001511;3.851606;-0.214810;,
  -0.060385;3.844560;-0.191079;,
  -0.073202;4.005466;-0.053979;,
  -0.054990;4.096463;0.116213;,
  -0.045639;3.769060;-0.306795;,
  0.208382;3.946271;0.189221;,
  0.165073;3.898963;0.382710;,
  0.175164;3.851944;0.347797;,
  0.202379;4.007972;0.213438;,
  0.167956;3.995696;0.049571;,
  0.159840;4.053038;0.071512;,
  0.117560;4.081564;-0.008667;,
  0.128497;4.039930;-0.022836;,
  0.117098;4.087281;0.104707;,
  0.154943;4.045627;0.242217;,
  0.127650;3.942678;0.392033;,
  0.090470;4.107148;0.021149;,
  0.112545;3.995680;0.406328;,
  0.086635;4.077831;0.317264;,
  0.067903;4.014537;0.398562;,
  0.174906;4.020122;0.304745;,
  0.144490;3.962437;0.389027;,
  0.143393;4.065178;0.315275;,
  0.099698;4.110595;0.227538;,
  0.184085;4.057192;0.213317;,
  0.153110;4.098816;0.217345;,
  0.085635;4.099010;0.147930;,
  0.137251;4.086592;0.137589;,
  0.118208;4.085846;0.058602;,
  0.168075;4.046890;0.132160;,
  0.143682;4.058552;0.057667;,
  0.081863;4.097692;0.070940;,
  0.151957;4.034400;0.052668;,
  0.116129;4.091738;0.166547;,
  0.148038;4.057934;0.163333;,
  0.116136;4.070692;0.040651;,
  0.111760;3.966153;-0.041155;,
  0.075794;4.000073;-0.055500;,
  0.037726;3.952579;-0.116457;,
  0.067642;3.930618;-0.103976;,
  0.025544;4.016576;-0.043305;,
  0.061902;4.083948;0.052028;,
  0.068022;4.100584;0.161243;,
  0.002793;3.969801;-0.106689;,
  0.131811;4.075786;0.222757;,
  0.071643;4.102339;0.326449;,
  0.104184;4.068775;0.317859;,
  0.121973;4.081323;0.096848;,
  0.084763;4.131696;0.219653;,
  0.005632;4.144932;0.225656;,
  0.024615;4.113636;0.317677;,
  0.034451;4.129570;0.100648;,
  0.087602;4.117400;0.088592;,
  0.107821;4.058384;0.020304;,
  0.073762;4.094477;0.012748;,
  0.044694;4.066555;-0.067288;,
  0.022233;4.107611;0.023686;,
  0.008610;4.080504;-0.056396;,
  0.072891;4.042086;-0.058496;,
  0.055004;4.025492;0.441408;,
  0.029090;4.122394;0.353265;,
  0.009561;4.045049;0.436256;,
  0.086295;4.110993;0.349705;,
  0.044273;4.139264;0.292870;,
  0.099047;4.129451;0.282139;,
  0.048894;4.152440;0.221058;,
  0.102075;4.142999;0.209945;,
  0.099778;4.167696;0.152561;,
  0.061210;4.175813;0.166010;,
  0.133932;4.105894;0.198634;,
  0.131259;4.089665;0.272087;,
  0.119984;4.068180;0.333020;,
  0.088374;3.994901;0.419602;,
  0.125039;4.142239;0.147501;,
  -0.152308;3.785836;0.368620;,
  -0.141714;3.759346;0.346922;,
  -0.141570;3.767585;0.344342;,
  -0.159870;3.759655;0.362490;,
  -0.144872;3.685684;0.346487;,
  -0.143851;3.415266;0.351301;,
  -0.154970;3.477237;0.373292;,
  -0.153085;3.415267;0.359298;,
  -0.135701;3.477231;0.356608;,
  -0.156623;3.538401;0.372739;,
  -0.129917;3.538367;0.349627;,
  -0.159902;3.590456;0.359097;,
  -0.144947;3.590411;0.346168;,
  -0.162957;3.685847;0.362067;,
  -0.178012;3.759672;0.346860;,
  -0.181034;3.685859;0.346454;,
  -0.162949;3.685687;0.330877;,
  -0.159855;3.759348;0.331299;,
  -0.174855;3.590458;0.346159;,
  -0.149340;3.832340;0.344899;,
  -0.152280;3.785266;0.322476;,
  -0.141570;3.767585;0.344342;,
  -0.141714;3.759346;0.346922;,
  -0.144872;3.685684;0.346487;,
  -0.159900;3.590411;0.333231;,
  -0.154969;3.477231;0.339922;,
  -0.129917;3.538367;0.349627;,
  -0.135701;3.477231;0.356608;,
  -0.156621;3.538366;0.326510;,
  -0.144947;3.590411;0.346168;,
  -0.183328;3.538402;0.349620;,
  -0.174238;3.477238;0.356606;,
  -0.162319;3.415267;0.351301;,
  -0.153085;3.415266;0.343304;,
  -0.160565;3.374516;0.343235;,
  -0.143851;3.415266;0.351301;,
  -0.057350;4.082178;0.051853;,
  -0.113378;4.089541;0.166313;,
  -0.064952;4.098954;0.161100;,
  -0.112007;4.068014;0.040319;,
  -0.020876;4.016015;-0.043379;,
  -0.033601;3.952018;-0.116562;,
  0.001672;3.969791;-0.106690;,
  -0.071552;3.998570;-0.055726;,
  -0.108570;3.964465;-0.041435;,
  -0.148861;4.032060;0.052295;,
  -0.145751;4.055970;0.163064;,
  -0.064231;3.929713;-0.104145;,
  -0.155652;4.046514;0.241250;,
  -0.164628;3.903755;0.376738;,
  -0.127141;3.947359;0.386070;,
  -0.203216;4.009411;0.212410;,
  -0.113557;4.084657;0.104418;,
  -0.112497;4.078582;-0.009070;,
  -0.085009;4.104354;0.020847;,
  -0.156700;4.050560;0.071117;,
  -0.165475;3.993796;0.049207;,
  -0.209525;3.947944;0.188224;,
  -0.174714;3.856724;0.341819;,
  -0.124274;4.037361;-0.023240;,
  -0.188574;3.992168;0.150320;,
  -0.188391;3.885925;0.290096;,
  -0.160138;3.946940;0.294756;,
  -0.225641;3.931265;0.120383;,
  -0.123844;4.013005;0.000647;,
  -0.122490;3.978963;-0.134466;,
  -0.104731;4.021738;-0.103644;,
  -0.156074;3.956242;-0.034393;,
  -0.146254;3.885287;-0.043590;,
  -0.211535;3.855757;0.108939;,
  -0.180244;3.823525;0.261067;,
  -0.121898;3.925255;-0.138777;,
  0.080714;3.975558;0.479370;,
  0.162133;3.993562;0.374780;,
  0.084267;4.070658;0.396418;,
  0.121065;3.899760;0.431966;,
  0.065826;3.859206;0.510125;,
  0.112432;3.850537;0.472280;,
  0.137397;3.797029;0.421383;,
  0.187272;3.845616;0.357586;,
  0.224868;3.871222;0.262580;,
  0.229664;3.952217;0.204904;,
  0.184337;4.052859;0.260731;,
  0.104135;4.110313;0.317979;,
  0.001832;4.141281;0.350127;,
  0.002217;4.096824;0.425337;,
  0.145018;3.741114;0.394140;,
  0.175871;3.753614;0.335943;,
  0.205586;3.758320;0.230590;,
  0.318530;3.793256;0.108045;,
  0.231145;4.002522;0.151231;,
  0.196667;4.099367;0.200896;,
  0.112183;4.176924;0.280466;,
  0.003486;4.199691;0.311951;,
  -0.099309;4.103459;0.316189;,
  -0.079934;4.063226;0.396390;,
  -0.157811;3.976973;0.374723;,
  -0.076779;3.973722;0.477754;,
  -0.123861;3.894621;0.429446;,
  -0.060798;3.870891;0.505289;,
  -0.112252;3.849330;0.469100;,
  -0.178562;3.828322;0.357178;,
  -0.217252;3.836626;0.263273;,
  -0.230290;3.919979;0.204763;,
  -0.190683;4.030054;0.260772;,
  -0.141438;3.793862;0.417539;,
  -0.141449;3.747752;0.397360;,
  -0.170386;3.750421;0.336152;,
  -0.197239;3.747816;0.230555;,
  -0.277157;3.785288;0.108676;,
  -0.258191;3.988732;0.151260;,
  -0.203819;4.081038;0.200355;,
  -0.094976;4.145406;0.262104;,
  -0.171313;3.802148;0.285382;,
  -0.194300;3.725359;0.291324;,
  -0.231254;3.783597;0.208709;,
  -0.227732;3.722926;0.216669;,
  -0.183476;3.786089;0.290396;,
  -0.156913;3.779952;0.347477;,
  -0.162604;3.724915;0.342406;,
  -0.131726;3.726037;0.374284;,
  -0.131882;3.765900;0.381011;,
  0.001870;3.992574;0.511947;,
  0.004285;3.822999;0.536202;,
  0.133910;3.726069;0.376001;,
  0.158081;3.780025;0.348237;,
  0.134348;3.765937;0.382720;,
  0.163529;3.724964;0.342934;,
  0.193225;3.725432;0.290655;,
  0.182454;3.786231;0.290179;,
  0.227087;3.783752;0.206719;,
  0.223743;3.723020;0.214763;,
  0.134087;3.718314;0.382862;,
  0.165290;3.746940;0.327242;,
  0.142225;3.749051;0.381814;,
  0.157449;3.701727;0.331304;,
  0.186548;3.759284;0.248834;,
  0.184298;3.710861;0.246276;,
  -0.157373;3.701676;0.331291;,
  -0.186318;3.759136;0.248790;,
  -0.184143;3.710758;0.246246;,
  -0.165172;3.746866;0.327222;,
  -0.134037;3.718285;0.382856;,
  -0.142158;3.749015;0.381804;,
  0.179568;3.937640;0.347562;,
  0.143413;3.886352;0.347817;,
  0.153598;3.905075;0.348612;,
  0.070011;3.632533;0.477525;,
  0.063966;3.632820;0.472639;,
  0.067211;3.629496;0.470597;,
  0.049371;3.637764;0.488415;,
  0.076825;3.641349;0.482760;,
  0.059884;3.637035;0.499041;,
  0.021224;3.641355;0.503904;,
  0.024230;3.643352;0.515518;,
  -0.000000;3.646247;0.508064;,
  -0.000000;3.648188;0.517374;,
  -0.000000;3.657892;0.527095;,
  0.088987;3.686926;0.467870;,
  0.101713;3.724476;0.462929;,
  0.076572;3.711637;0.490298;,
  0.078844;3.668475;0.496697;,
  0.063844;3.643401;0.503120;,
  0.038791;3.646250;0.517146;,
  0.011679;3.657498;0.527965;,
  0.011804;3.669338;0.533037;,
  0.110664;3.702273;0.432351;,
  0.088800;3.653007;0.455276;,
  0.074944;3.630433;0.458435;,
  0.084078;3.629712;0.444563;,
  0.101584;3.644372;0.404584;,
  0.115641;3.666865;0.381724;,
  0.133248;3.720538;0.400623;,
  0.133666;3.697714;0.352213;,
  0.143360;3.743048;0.351863;,
  0.140217;3.741052;0.300784;,
  0.086187;3.609319;0.421296;,
  0.077852;3.630342;0.336819;,
  0.126726;3.683720;0.297219;,
  0.037385;3.589177;0.366985;,
  -0.000000;3.540876;0.471060;,
  0.029576;3.562827;0.489972;,
  -0.000000;3.560910;0.497901;,
  0.024737;3.547094;0.465005;,
  -0.000000;3.571926;0.387309;,
  0.048645;3.557613;0.454861;,
  0.066869;3.575995;0.444591;,
  0.079780;3.604895;0.449952;,
  0.021948;3.626701;0.505277;,
  0.023753;3.610341;0.500116;,
  0.048141;3.614252;0.487636;,
  0.029470;3.583898;0.498390;,
  0.053827;3.587186;0.481815;,
  0.054055;3.568509;0.472242;,
  0.071020;3.591238;0.461154;,
  0.071541;3.614305;0.460682;,
  0.065582;3.605184;0.467683;,
  0.049968;3.631776;0.489272;,
  0.021252;3.636476;0.507198;,
  0.059070;3.617550;0.476963;,
  0.064573;3.622414;0.469799;,
  0.063384;3.632368;0.472477;,
  0.061447;3.627119;0.475140;,
  0.048968;3.637398;0.487983;,
  0.021106;3.640869;0.503580;,
  -0.000000;3.639957;0.513650;,
  -0.000000;3.645875;0.507949;,
  -0.000000;3.630025;0.513585;,
  -0.000000;3.611737;0.505896;,
  -0.000000;3.583264;0.507182;,
  0.131952;3.737716;0.429447;,
  0.119414;3.758306;0.462863;,
  0.097002;3.779719;0.479247;,
  0.102445;3.791531;0.476377;,
  0.095182;3.790017;0.480936;,
  0.109523;3.794511;0.471102;,
  0.135252;3.781966;0.439744;,
  0.143539;3.761862;0.400049;,
  0.148757;3.786359;0.345947;,
  0.119963;3.816035;0.454625;,
  0.139554;3.810338;0.410263;,
  0.140657;3.843488;0.383284;,
